Best Brain: 658 with Fitness 25461484367059 and livespan (ticksAlive) of 29419 ms
sketch.js:221 Best Brain Dump:
sketch.js:222 {"numIn":5,"numHidden":10,"numOut":1,"weightsInHidden":[[0.8257213025966605,0.06749087363294581,0.5632562988955192,0.4033156975845651,-0.8415093861512231,0.4868091176891356,-0.9896668736022762,0.11049326609343546,0.896259255894053,-0.5306231907404932],[-0.559666310146375,-0.5743848631622372,-0.06106883451933376,0.18447167870129388,-0.9583596035965825,-0.3538007651545294,-0.6377228583554211,-0.3864075857725151,0.5722508069822303,0.37797832707550416],[-0.11787499551597036,0.5428531143583517,-0.5775672043360673,-0.7282581764645415,-0.15179784312786282,0.1780951250642302,-0.2924824145973546,0.7008873219513219,-0.9140102715521616,-0.7515549626815128],[-0.3045421021169048,-0.16771329020408432,-0.587373012344141,0.42748244826788606,-0.5361521796924593,0.87512171466483,0.9983971057596626,-0.36383099161391064,0.3396527777210536,-0.5974869734628339],[-0.26750548827746345,0.2168506840746225,0.4200607406379746,0.4968424191922569,0.5430830377147564,-0.8328294173738398,-0.2551033101739719,0.010487395877495809,-0.6430613253700812,-0.04351052602250882]],"weightsHiddenOut":[[0.24291818265976794],[0.48624664702530596],[-0.5366166462926321],[-0.10481269107209434],[-0.8530801333425488],[-0.74530506170123],[-0.4501435320929843],[-0.9317569322719019],[0.2357822221057424],[0.4746741015340785]]}

Best Brain: 589 with Fitness 6717034868032 and livespan (ticksAlive) of 18868 ms
sketch.js:221 Best Brain Dump:
sketch.js:222 {"numIn":5,"numHidden":10,"numOut":1,"weightsInHidden":[[0.8257213025966605,0.06749087363294581,0.5632562988955192,0.4033156975845651,-0.8415093861512231,0.4868091176891356,-0.9896668736022762,0.11049326609343546,0.896259255894053,-0.5306231907404932],[-0.559666310146375,-0.5743848631622372,-0.06106883451933376,0.18447167870129388,-0.9583596035965825,-0.3538007651545294,-0.6377228583554211,-0.3864075857725151,0.5722508069822303,0.37797832707550416],[-0.11787499551597036,0.5428531143583517,-0.5775672043360673,0.204532498869352,-0.15179784312786282,0.1780951250642302,-0.4015719534270248,0.7008873219513219,-0.9140102715521616,-0.7515549626815128],[-0.3045421021169048,-0.16771329020408432,-0.587373012344141,0.42748244826788606,-0.5361521796924593,0.87512171466483,0.9983971057596626,-0.36383099161391064,0.3396527777210536,-0.5974869734628339],[-0.26750548827746345,0.2168506840746225,0.4200607406379746,0.4968424191922569,0.5430830377147564,-0.8328294173738398,-0.2551033101739719,0.010487395877495809,-0.6430613253700812,-0.04351052602250882]],"weightsHiddenOut":[[0.24291818265976794],[0.48624664702530596],[-0.5366166462926321],[-0.10481269107209434],[-0.8530801333425488],[-0.74530506170123],[-0.4501435320929843],[-0.9317569322719019],[0.2357822221057424],[0.4746741015340785]]}